version 1
nodes
  0 "NotABone0"  -1
  1 "NotABone1"  -1
  2 "NotABone2"  -1
  3 "bone0"  -1
  4 "bone1"  3
  5 "bone2"  3
  6 "bone3"  4
  7 "bone4"  5
  8 "bone5"  5
  9 "bone6"  5
  10 "bone7"  5
  11 "bone8"  5
  12 "bone9"  5
  13 "bone10"  5
  14 "bone11"  6
  15 "bone12"  6
  16 "bone13"  7
  17 "bone14"  8
  18 "bone15"  9
  19 "bone16"  10
  20 "bone17"  11
  21 "bone18"  12
  22 "bone19"  13
  23 "bone20"  14
  24 "bone21"  16
  25 "bone22"  17
  26 "bone23"  20
end
skeleton
time 0
  0 0.000000 0.000000 0.000000 0.000000 0.000000 0.000000
  1 0.000000 0.000000 0.000000 0.000000 0.000000 0.000000
  2 0.000000 0.000000 0.000000 0.000000 0.000000 0.000000
  3 0.000000 -2505.000000 0.000000 0.000000 -0.000000 0.000000
  4 0.000000 0.000000 0.000000 0.000001 1.533983 1.570798
  5 0.000000 0.000000 0.000000 -0.000000 -1.570796 1.570796
  6 0.000004 0.000000 -1727.000122 1.570796 -0.000000 -1.570796
  7 -0.000000 -0.000000 -2215.000000 -1.570796 0.000000 -1.047709
  8 -0.000000 -0.000000 -2215.000000 -1.570796 0.000000 -0.352816
  9 -0.000000 -0.000000 -2215.000000 -1.570796 0.000000 0.535359
  10 -0.000000 -0.000000 -2215.000000 -1.570796 0.000000 1.354505
  11 -0.000000 -0.000000 -2215.000000 -1.570796 0.000000 1.865320
  12 -0.000000 -0.000000 -2215.000000 -1.570796 0.000000 2.612369
  13 -0.000000 -0.000000 -2215.000000 -1.570796 -0.000000 -2.807185
  14 -0.000000 0.000107 -492.000031 -0.000000 -0.446388 1.570796
  15 -0.000000 0.000107 -492.000031 0.052155 0.000000 0.000000
  16 -0.000027 -0.000005 -1602.000122 0.961330 0.607541 1.549587
  17 -0.000045 0.000010 -1973.000122 1.374791 0.195289 1.855994
  18 0.000015 0.000004 -2000.000122 0.232574 0.916783 0.290030
  19 -0.000003 0.000013 -2300.000244 -0.723670 0.720771 -0.713425
  20 -0.000005 0.000003 -2714.000244 -0.654888 -0.468153 -1.417174
  21 -0.000031 -0.000010 -2563.000000 -0.660790 0.112422 -1.442315
  22 -0.000034 0.000007 -2315.000244 -0.131595 0.218920 0.173570
  23 -0.000116 -0.000000 -718.000000 0.000000 -0.343612 -0.000000
  24 -0.000037 0.000046 -868.000000 0.344296 -0.218588 0.389410
  25 0.000029 -0.000205 -1693.999878 0.315714 -0.315333 -0.274113
  26 0.000084 -0.000076 -1763.999878 -0.457384 0.300665 -0.256090
end
triangles
ffdtex2.png
  0 -4494.155762 -307.962585 6932.624512 0.321272 -0.740181 0.590692 0.148438 -0.875000 1 21 1.000000
  0 -4040.413330 -162.094147 5208.019043 -0.911000 -0.199974 -0.360678 0.250000 -0.750000 1 21 1.000000
  0 -3676.352295 -252.988846 5431.812500 0.265403 -0.859906 0.436032 0.218750 -0.718750 1 21 1.000000
ffdtex2.png
  0 -4494.155762 -307.962585 6932.624512 0.321272 -0.740181 0.590692 0.148438 -0.867188 1 21 1.000000
  0 -3676.352295 -252.988846 5431.812500 0.265403 -0.859906 0.436032 0.218750 -0.718750 1 21 1.000000
  0 -3559.493408 178.263733 5378.754395 0.521667 0.841039 0.143239 0.179688 -0.687500 1 21 1.000000
ffdtex2.png
  0 -4494.155762 -307.962585 6932.624512 0.321272 -0.740181 0.590692 0.148438 -0.867188 1 21 1.000000
  0 -3559.493408 178.263733 5378.754395 0.521667 0.841039 0.143239 0.296875 -0.789063 1 21 1.000000
  0 -4040.413330 -162.094147 5208.019043 -0.911000 -0.199974 -0.360678 0.250000 -0.750000 1 21 1.000000
ffdtex2.png
  0 -4040.413330 -162.094147 5208.019043 -0.911000 -0.199974 -0.360678 0.250000 -0.750000 1 21 1.000000
  0 -3440.523193 -726.759583 4303.527344 -0.914620 -0.238381 -0.326565 0.328125 -0.640625 1 21 1.000000
  0 -3676.352295 -252.988846 5431.812500 0.265403 -0.859906 0.436032 0.218750 -0.718750 1 21 1.000000
ffdtex2.png
  0 -4040.413330 -162.094147 5208.019043 -0.911000 -0.199974 -0.360678 0.250000 -0.750000 1 21 1.000000
  0 -3559.493408 178.263733 5378.754395 0.521667 0.841039 0.143239 0.296875 -0.789063 1 21 1.000000
  0 -3440.523193 -726.759583 4303.527344 -0.914620 -0.238381 -0.326565 0.328125 -0.640625 1 21 1.000000
ffdtex2.png
  0 -3676.352295 -252.988846 5431.812500 0.265403 -0.859906 0.436032 0.218750 -0.718750 1 21 1.000000
  0 -3440.523193 -726.759583 4303.527344 -0.914620 -0.238381 -0.326565 0.328125 -0.640625 1 21 1.000000
  0 -2901.865479 -835.936584 4243.575195 0.678473 -0.656303 0.330062 0.281250 -0.593750 1 21 1.000000
ffdtex2.png
  0 -3676.352295 -252.988846 5431.812500 0.265403 -0.859906 0.436032 0.218750 -0.718750 1 21 1.000000
  0 -2901.865479 -835.936584 4243.575195 0.678473 -0.656303 0.330062 0.281250 -0.593750 1 21 1.000000
  0 -3559.493408 178.263733 5378.754395 0.521667 0.841039 0.143239 0.179688 -0.687500 1 21 1.000000
ffdtex2.png
  0 -3559.493408 178.263733 5378.754395 0.521667 0.841039 0.143239 0.296875 -0.789063 1 21 1.000000
  0 -2823.769775 -279.114929 4162.306152 0.116501 0.961909 0.247303 0.390625 -0.687500 1 21 1.000000
  0 -3440.523193 -726.759583 4303.527344 -0.914620 -0.238381 -0.326565 0.328125 -0.640625 1 21 1.000000
ffdtex2.png
  0 -3559.493408 178.263733 5378.754395 0.521667 0.841039 0.143239 0.179688 -0.687500 1 21 1.000000
  0 -2901.865479 -835.936584 4243.575195 0.678473 -0.656303 0.330062 0.281250 -0.593750 1 21 1.000000
  0 -2823.769775 -279.114929 4162.306152 0.116501 0.961909 0.247303 0.234375 -0.578125 1 21 1.000000
ffdtex2.png
  0 -735.222900 -69.319763 -4272.576660 -0.156071 0.191165 -0.969071 0.179688 -0.710938 1 25 1.000000
  0 1449.502441 -174.410645 -3899.043457 0.512823 0.407303 -0.755723 0.359375 -0.632813 1 25 1.000000
  0 1004.356506 -591.476501 -3867.544922 -0.206241 -0.920307 -0.332416 0.312500 -0.601563 1 25 1.000000
ffdtex2.png
  0 -735.222900 -69.319763 -4272.576660 -0.156071 0.191165 -0.969071 0.179688 -0.703125 1 25 1.000000
  0 1004.356506 -591.476501 -3867.544922 -0.206241 -0.920307 -0.332416 0.312500 -0.593750 1 25 1.000000
  0 881.944702 70.481575 -3392.315918 -0.333494 0.810383 0.481728 0.250000 -0.570313 1 25 1.000000
ffdtex2.png
  0 -735.222900 -69.319763 -4272.576660 -0.156071 0.191165 -0.969071 0.179688 -0.703125 1 25 1.000000
  0 881.944702 70.481575 -3392.315918 -0.333494 0.810383 0.481728 0.250000 -0.570313 1 25 1.000000
  0 1449.502441 -174.410645 -3899.043457 0.512823 0.407303 -0.755723 0.203125 -0.531250 1 25 1.000000
ffdtex2.png
  0 1449.502441 -174.410645 -3899.043457 0.512823 0.407303 -0.755723 0.359375 -0.632813 1 25 1.000000
  0 2397.720215 -596.785828 -2311.629639 0.901975 0.331698 -0.276435 0.500000 -0.523438 1 17 1.000000
  0 1004.356506 -591.476501 -3867.544922 -0.206241 -0.920307 -0.332416 0.312500 -0.601563 1 25 1.000000
ffdtex2.png
  0 1449.502441 -174.410645 -3899.043457 0.512823 0.407303 -0.755723 0.203125 -0.531250 1 25 1.000000
  0 881.944702 70.481575 -3392.315918 -0.333494 0.810383 0.481728 0.250000 -0.570313 1 25 1.000000
  0 2397.720215 -596.785828 -2311.629639 0.901975 0.331698 -0.276435 0.281250 -0.382813 1 17 1.000000
ffdtex2.png
  0 0.000052 -2834.238770 1168.673462 -0.035481 0.831074 0.555029 0.953125 -0.437500 1 4 1.000000
  0 0.000029 -2755.102783 650.234985 0.735547 0.392877 0.551923 0.929688 -0.390625 1 4 1.000000
  0 -600.999939 -2821.722412 1019.032776 -0.464266 0.490045 0.737776 0.890625 -0.429688 1 4 1.000000
ffdtex2.png
  0 -1379.000000 -2858.984619 699.444763 -0.370137 0.753096 0.543917 0.804688 -0.437500 1 4 1.000000
  0 -2448.000000 -3377.671631 -52.155956 -0.633264 0.381484 0.673384 0.679688 -0.484375 1 4 1.000000
  0 -980.999939 -3645.441895 1621.121826 -0.421455 0.438997 0.793509 0.890625 -0.539063 1 4 1.000000
ffdtex2.png
  0 -1850.000000 -4480.301270 1140.067017 -0.711330 0.029608 0.702234 0.789063 -0.609375 1 4 1.000000
  0 -980.999939 -3645.441895 1621.121826 -0.421455 0.438997 0.793509 0.890625 -0.539063 1 4 1.000000
  0 -2448.000000 -3377.671631 -52.155956 -0.633264 0.381484 0.673384 0.679688 -0.484375 1 4 1.000000
ffdtex2.png
  0 -1379.000000 -2858.984619 699.444763 -0.370137 0.753096 0.543917 0.804688 -0.437500 1 4 1.000000
  0 -980.999939 -3645.441895 1621.121826 -0.421455 0.438997 0.793509 0.890625 -0.539063 1 4 1.000000
  0 -600.999939 -2821.722412 1019.032776 -0.464266 0.490045 0.737776 0.890625 -0.429688 1 4 1.000000
ffdtex2.png
  0 -1379.000000 -2858.984619 699.444763 -0.370137 0.753096 0.543917 0.804688 -0.437500 1 4 1.000000
  0 -1588.000000 -2616.386719 89.961182 -0.536501 0.830615 0.149147 0.757813 -0.398438 1 4 1.000000
  0 -1746.000000 -2822.933594 345.531921 -0.443267 0.868232 0.222906 0.757813 -0.429688 1 4 1.000000
ffdtex2.png
  0 -1746.000000 -2822.933594 345.531921 -0.443267 0.868232 0.222906 0.757813 -0.429688 1 4 1.000000
  0 -2448.000000 -3377.671631 -52.155956 -0.633264 0.381484 0.673384 0.679688 -0.484375 1 4 1.000000
  0 -1379.000000 -2858.984619 699.444763 -0.370137 0.753096 0.543917 0.804688 -0.437500 1 4 1.000000
ffdtex2.png
  0 -1379.000000 -2858.984619 699.444763 -0.370137 0.753096 0.543917 0.804688 -0.437500 1 4 1.000000
  0 -805.000000 -2743.435059 333.449829 -0.485218 0.795062 0.363924 0.835938 -0.375000 1 4 1.000000
  0 -1588.000000 -2616.386719 89.961182 -0.536501 0.830615 0.149147 0.757813 -0.398438 1 4 1.000000
ffdtex2.png
  0 -600.999939 -2821.722412 1019.032776 -0.464266 0.490045 0.737776 0.890625 -0.429688 1 4 1.000000
  0 -805.000000 -2743.435059 333.449829 -0.485218 0.795062 0.363924 0.835938 -0.375000 1 4 1.000000
  0 -1379.000000 -2858.984619 699.444763 -0.370137 0.753096 0.543917 0.804688 -0.437500 1 4 1.000000
ffdtex2.png
  0 -2667.000000 -3743.370117 14.428779 -0.600450 0.395722 0.694884 0.664063 -0.523438 1 4 1.000000
  0 -2756.000000 -4094.778320 100.552742 -0.691435 0.225620 0.686304 0.656250 -0.562500 1 4 1.000000
  0 -1850.000000 -4480.301270 1140.067017 -0.711330 0.029608 0.702234 0.789063 -0.609375 1 4 1.000000
ffdtex2.png
  0 -2760.000000 -4518.584961 168.999924 -0.706259 -0.226417 0.670771 0.656250 -0.601563 1 4 1.000000
  0 -1850.000000 -4480.301270 1140.067017 -0.711330 0.029608 0.702234 0.789063 -0.609375 1 4 1.000000
  0 -2756.000000 -4094.778320 100.552742 -0.691435 0.225620 0.686304 0.656250 -0.562500 1 4 1.000000
ffdtex2.png
  0 881.944702 70.481575 -3392.315918 -0.333494 0.810383 0.481728 0.250000 -0.570313 1 25 1.000000
  0 1004.356506 -591.476501 -3867.544922 -0.206241 -0.920307 -0.332416 0.312500 -0.593750 1 25 1.000000
  0 1351.890625 -627.972290 -2201.403076 -0.968406 0.224078 0.109451 0.359375 -0.445313 1 17 1.000000
ffdtex2.png
  0 881.944702 70.481575 -3392.315918 -0.333494 0.810383 0.481728 0.250000 -0.570313 1 25 1.000000
  0 1351.890625 -627.972290 -2201.403076 -0.968406 0.224078 0.109451 0.359375 -0.445313 1 17 1.000000
  0 2397.720215 -596.785828 -2311.629639 0.901975 0.331698 -0.276435 0.281250 -0.382813 1 17 1.000000
ffdtex2.png
  0 1004.356506 -591.476501 -3867.544922 -0.206241 -0.920307 -0.332416 0.312500 -0.601563 1 25 1.000000
  0 2397.720215 -596.785828 -2311.629639 0.901975 0.331698 -0.276435 0.500000 -0.523438 1 17 1.000000
  0 1897.500366 -1312.858887 -2392.812012 -0.198895 -0.979785 0.021492 0.421875 -0.484375 1 17 1.000000
ffdtex2.png
  0 1004.356506 -591.476501 -3867.544922 -0.206241 -0.920307 -0.332416 0.312500 -0.593750 1 25 1.000000
  0 1897.500366 -1312.858887 -2392.812012 -0.198895 -0.979785 0.021492 0.421875 -0.484375 1 17 1.000000
  0 1351.890625 -627.972290 -2201.403076 -0.968406 0.224078 0.109451 0.359375 -0.445313 1 17 1.000000
ffdtex2.png
  0 1351.890625 -627.972290 -2201.403076 -0.968406 0.224078 0.109451 0.359375 -0.445313 1 17 1.000000
  0 1897.500366 -1312.858887 -2392.812012 -0.198895 -0.979785 0.021492 0.421875 -0.484375 1 17 1.000000
  0 1397.999878 -183.999939 -953.000000 -0.862957 -0.252781 -0.437501 0.437500 -0.328125 1 5 1.000000
ffdtex2.png
  0 1897.500366 -1312.858887 -2392.812012 -0.198895 -0.979785 0.021492 0.421875 -0.484375 1 17 1.000000
  0 2397.720215 -596.785828 -2311.629639 0.901975 0.331698 -0.276435 0.500000 -0.523438 1 17 1.000000
  0 2335.000000 -857.999878 -606.000000 0.628321 -0.777450 -0.028000 0.546875 -0.359375 1 5 1.000000
ffdtex2.png
  0 3994.812012 24.312061 2339.368896 0.990181 -0.072990 -0.119220 0.289063 -0.625000 1 19 1.000000
  0 2468.367920 -40.827377 2969.817871 -0.004512 0.989421 0.145003 0.429688 -0.578125 1 19 1.000000
  0 2150.771973 -743.700745 3305.351563 0.031691 -0.216844 0.975692 0.421875 -0.484375 1 19 1.000000
ffdtex2.png
  0 3994.812012 24.312061 2339.368896 0.990181 -0.072990 -0.119220 0.289063 -0.625000 1 19 1.000000
  0 2315.622070 -448.589966 2589.388672 0.223395 0.425760 -0.876825 0.328125 -0.468750 1 19 1.000000
  0 2468.367920 -40.827377 2969.817871 -0.004512 0.989421 0.145003 0.273438 -0.500000 1 19 1.000000
ffdtex2.png
  0 2468.367920 -40.827377 2969.817871 -0.004512 0.989421 0.145003 0.273438 -0.500000 1 19 1.000000
  0 2315.622070 -448.589966 2589.388672 0.223395 0.425760 -0.876825 0.328125 -0.468750 1 19 1.000000
  0 1205.999878 -101.999947 2563.000000 0.090190 0.973878 0.208392 0.296875 -0.359375 1 5 1.000000
ffdtex2.png
  0 2468.367920 -40.827377 2969.817871 -0.004512 0.989421 0.145003 0.429688 -0.578125 1 19 1.000000
  0 1205.999878 -101.999947 2563.000000 0.090190 0.973878 0.208392 0.507813 -0.437500 1 5 1.000000
  0 2150.771973 -743.700745 3305.351563 0.031691 -0.216844 0.975692 0.421875 -0.484375 1 19 1.000000
ffdtex2.png
  0 3994.812012 24.312061 2339.368896 0.990181 -0.072990 -0.119220 0.289063 -0.625000 1 19 1.000000
  0 2406.104004 -969.881897 2829.550537 0.395091 -0.833389 -0.386479 0.367188 -0.468750 1 19 1.000000
  0 2315.622070 -448.589966 2589.388672 0.223395 0.425760 -0.876825 0.328125 -0.468750 1 19 1.000000
ffdtex2.png
  0 3994.812012 24.312061 2339.368896 0.990181 -0.072990 -0.119220 0.289063 -0.625000 1 19 1.000000
  0 2150.771973 -743.700745 3305.351563 0.031691 -0.216844 0.975692 0.421875 -0.484375 1 19 1.000000
  0 2406.104004 -969.881897 2829.550537 0.395091 -0.833389 -0.386479 0.367188 -0.468750 1 19 1.000000
ffdtex2.png
  0 -2667.000000 -3743.370117 14.428779 -0.600450 0.395722 0.694884 0.664063 -0.523438 1 4 1.000000
  0 -1850.000000 -4480.301270 1140.067017 -0.711330 0.029608 0.702234 0.789063 -0.609375 1 4 1.000000
  0 -2448.000000 -3377.671631 -52.155956 -0.633264 0.381484 0.673384 0.679688 -0.484375 1 4 1.000000
ffdtex2.png
  0 -0.000148 -3687.917969 -3309.496338 -0.707107 0.000000 -0.707107 0.007813 -0.992188 1 15 1.000000
  0 -0.000135 -4230.286133 -3183.187988 0.000001 0.993631 -0.112679 0.117188 -0.976563 1 15 1.000000
  0 -866.000122 -4200.635254 -2941.597900 -0.027303 0.994819 -0.097924 0.101563 -0.781250 1 15 1.000000
ffdtex2.png
  0 -912.000122 -3754.116455 -3051.357178 0.000000 -1.000000 0.000000 0.007813 -0.781250 1 15 1.000000
  0 -866.000122 -4200.635254 -2941.597900 -0.027303 0.994819 -0.097924 0.101563 -0.781250 1 15 1.000000
  0 -1373.000122 -4195.783203 -2534.556641 -0.028533 0.993259 -0.112347 0.109375 -0.640625 1 15 1.000000
ffdtex2.png
  0 -912.000122 -3754.116455 -3051.357178 0.000000 -1.000000 0.000000 0.007813 -0.781250 1 15 1.000000
  0 -0.000148 -3687.917969 -3309.496338 -0.707107 0.000000 -0.707107 0.007813 -0.992188 1 15 1.000000
  0 -866.000122 -4200.635254 -2941.597900 -0.027303 0.994819 -0.097924 0.101563 -0.781250 1 15 1.000000
ffdtex2.png
  0 -1461.000122 -3716.212891 -2587.153076 0.000000 0.000000 0.000000 0.007813 -0.625000 1 15 1.000000
  0 -912.000122 -3754.116455 -3051.357178 0.000000 -1.000000 0.000000 0.007813 -0.781250 1 15 1.000000
  0 -1373.000122 -4195.783203 -2534.556641 -0.028533 0.993259 -0.112347 0.109375 -0.640625 1 15 1.000000
ffdtex2.png
  0 -866.000122 -4200.635254 -2941.597900 -0.027303 0.994819 -0.097924 0.101563 -0.781250 1 15 1.000000
  0 -912.000122 -3754.116455 -3051.357178 0.000000 -1.000000 0.000000 0.007813 -0.781250 1 15 1.000000
  0 -1373.000122 -4195.783203 -2534.556641 -0.028533 0.993259 -0.112347 0.109375 -0.640625 1 15 1.000000
ffdtex2.png
  0 -912.000122 -3754.116455 -3051.357178 0.000000 -1.000000 0.000000 0.007813 -0.781250 1 15 1.000000
  0 -866.000122 -4200.635254 -2941.597900 -0.027303 0.994819 -0.097924 0.101563 -0.781250 1 15 1.000000
  0 -0.000148 -3687.917969 -3309.496338 -0.707107 0.000000 -0.707107 0.007813 -0.992188 1 15 1.000000
ffdtex2.png
  0 -0.000148 -3687.917969 -3309.496338 -0.707107 0.000000 -0.707107 0.007813 -0.992188 1 15 1.000000
  0 -866.000122 -4200.635254 -2941.597900 -0.027303 0.994819 -0.097924 0.101563 -0.781250 1 15 1.000000
  0 -0.000135 -4230.286133 -3183.187988 0.000001 0.993631 -0.112679 0.117188 -0.976563 1 15 1.000000
ffdtex2.png
  0 -1461.000122 -3716.212891 -2587.153076 0.000000 0.000000 0.000000 0.007813 -0.625000 1 15 1.000000
  0 -1373.000122 -4195.783203 -2534.556641 -0.028533 0.993259 -0.112347 0.109375 -0.640625 1 15 1.000000
  0 -912.000122 -3754.116455 -3051.357178 0.000000 -1.000000 0.000000 0.007813 -0.781250 1 15 1.000000
ffdtex2.png
  0 -0.000050 -4005.735596 -1203.053223 0.000026 0.401299 -0.915947 0.984375 -0.203125 1 4 1.000000
  0 -866.000122 -4200.635254 -2941.597900 -0.027303 0.994819 -0.097924 0.898438 -0.023438 1 15 1.000000
  0 -1373.000122 -4195.783203 -2534.556641 -0.028533 0.993259 -0.112347 0.851563 -0.070313 1 15 1.000000
ffdtex2.png
  0 -0.000135 -4230.286133 -3183.187988 0.000001 0.993631 -0.112679 0.984375 -0.000000 1 15 1.000000
  0 -866.000122 -4200.635254 -2941.597900 -0.027303 0.994819 -0.097924 0.898438 -0.023438 1 15 1.000000
  0 -0.000050 -4005.735596 -1203.053223 0.000026 0.401299 -0.915947 0.984375 -0.203125 1 4 1.000000
ffdtex2.png
  0 -1746.000000 -2822.933594 345.531921 -0.443267 0.868232 0.222906 0.398438 -0.750000 1 4 1.000000
  0 -1588.000000 -2616.386719 89.961182 -0.536501 0.830615 0.149147 0.359375 -0.765625 1 4 1.000000
  0 -1249.000000 -2710.860352 -550.950439 -0.868160 0.488060 -0.089978 0.320313 -0.820313 1 4 1.000000
ffdtex2.png
  0 -1746.000000 -2822.933594 345.531921 -0.443267 0.868232 0.222906 0.398438 -0.757813 1 4 1.000000
  0 -1249.000000 -2710.860352 -550.950439 -0.868160 0.488060 -0.089978 0.320313 -0.820313 1 4 1.000000
  0 -1866.000122 -2685.204834 -1355.096191 0.063142 0.989223 0.132103 0.343750 -0.937500 1 14 1.000000
ffdtex2.png
  0 -2128.000000 -2656.425781 -235.733231 0.251278 0.967320 0.033944 0.421875 -0.820313 1 4 1.000000
  0 -1746.000000 -2822.933594 345.531921 -0.443267 0.868232 0.222906 0.398438 -0.757813 1 4 1.000000
  0 -1866.000122 -2685.204834 -1355.096191 0.063142 0.989223 0.132103 0.343750 -0.937500 1 14 1.000000
ffdtex2.png
  0 -1954.000000 -4120.210449 -1192.259399 -0.035149 0.519463 -0.853770 0.796875 -0.195313 1 4 1.000000
  0 -1671.000122 -3241.232178 -1640.885986 -0.048490 -0.574088 -0.817356 0.820313 -0.289063 1 23 1.000000
  0 -0.000050 -4005.735596 -1203.053223 0.000026 0.401299 -0.915947 0.984375 -0.203125 1 4 1.000000
ffdtex2.png
  0 -1671.000122 -3241.232178 -1640.885986 -0.048490 -0.574088 -0.817356 0.820313 -0.289063 1 23 1.000000
  0 -1276.000122 -2809.404053 -2104.943604 -0.120812 -0.676515 -0.726452 0.867188 -0.343750 1 23 1.000000
  0 -0.000050 -4005.735596 -1203.053223 0.000026 0.401299 -0.915947 0.984375 -0.203125 1 4 1.000000
ffdtex2.png
  0 -0.000050 -4005.735596 -1203.053223 0.000026 0.401299 -0.915947 0.984375 -0.203125 1 4 1.000000
  0 -825.000122 -2605.081543 -2373.192383 -0.104763 -0.673221 -0.731982 0.906250 -0.375000 1 23 1.000000
  0 -0.000158 -2486.995361 -2575.658691 0.000052 -0.670512 -0.741898 0.992188 -0.398438 1 23 1.000000
ffdtex2.png
  0 -1276.000122 -2809.404053 -2104.943604 -0.120812 -0.676515 -0.726452 0.867188 -0.343750 1 23 1.000000
  0 -825.000122 -2605.081543 -2373.192383 -0.104763 -0.673221 -0.731982 0.906250 -0.375000 1 23 1.000000
  0 -0.000050 -4005.735596 -1203.053223 0.000026 0.401299 -0.915947 0.984375 -0.203125 1 4 1.000000
ffdtex2.png
  0 -1461.000122 -3716.212891 -2587.153076 0.000000 0.000000 0.000000 0.007813 -0.625000 1 15 1.000000
  0 -1373.000122 -4195.783203 -2534.556641 -0.028533 0.993259 -0.112347 0.109375 -0.640625 1 15 1.000000
  0 -1816.000122 -4109.845215 -1933.543579 -0.029251 0.997160 -0.069397 0.101563 -0.476563 1 15 1.000000
ffdtex2.png
  0 -1861.000122 -3635.610840 -1982.600220 -0.704361 -0.088045 0.704361 0.007813 -0.468750 1 15 1.000000
  0 -1461.000122 -3716.212891 -2587.153076 0.000000 0.000000 0.000000 0.007813 -0.625000 1 15 1.000000
  0 -1816.000122 -4109.845215 -1933.543579 -0.029251 0.997160 -0.069397 0.101563 -0.476563 1 15 1.000000
ffdtex2.png
  0 -1373.000122 -4195.783203 -2534.556641 -0.028533 0.993259 -0.112347 0.109375 -0.640625 1 15 1.000000
  0 -1461.000122 -3716.212891 -2587.153076 0.000000 0.000000 0.000000 0.007813 -0.625000 1 15 1.000000
  0 -1816.000122 -4109.845215 -1933.543579 -0.029251 0.997160 -0.069397 0.101563 -0.476563 1 15 1.000000
ffdtex2.png
  0 -1861.000122 -3635.610840 -1982.600220 -0.704361 -0.088045 0.704361 0.007813 -0.468750 1 15 1.000000
  0 -1816.000122 -4109.845215 -1933.543579 -0.029251 0.997160 -0.069397 0.101563 -0.476563 1 15 1.000000
  0 -2048.000000 -4045.591309 -1359.564087 -0.871576 -0.490261 0.000000 0.109375 -0.335938 1 15 1.000000
ffdtex2.png
  0 -2214.000000 -3648.024658 -1291.971558 0.000000 1.000000 0.000000 0.031250 -0.296875 1 15 1.000000
  0 -1861.000122 -3635.610840 -1982.600220 -0.704361 -0.088045 0.704361 0.007813 -0.468750 1 15 1.000000
  0 -2048.000000 -4045.591309 -1359.564087 -0.871576 -0.490261 0.000000 0.109375 -0.335938 1 15 1.000000
ffdtex2.png
  0 -2114.000000 -4161.744141 -552.693298 0.000000 0.000000 0.000000 0.171875 -0.171875 1 15 1.000000
  0 -2494.000000 -3642.720459 -563.619385 0.000000 0.000000 1.000000 0.046875 -0.125000 1 15 1.000000
  0 -2048.000000 -4045.591309 -1359.564087 -0.871576 -0.490261 0.000000 0.109375 -0.335938 1 15 1.000000
ffdtex2.png
  0 -2214.000000 -3648.024658 -1291.971558 0.000000 1.000000 0.000000 0.031250 -0.296875 1 15 1.000000
  0 -2048.000000 -4045.591309 -1359.564087 -0.871576 -0.490261 0.000000 0.109375 -0.335938 1 15 1.000000
  0 -2494.000000 -3642.720459 -563.619385 0.000000 0.000000 1.000000 0.046875 -0.125000 1 15 1.000000
ffdtex2.png
  0 -2214.000000 -3648.024658 -1291.971558 0.000000 1.000000 0.000000 0.031250 -0.296875 1 15 1.000000
  0 -2494.000000 -3642.720459 -563.619385 0.000000 0.000000 1.000000 0.046875 -0.125000 1 15 1.000000
  0 -2048.000000 -4045.591309 -1359.564087 -0.871576 -0.490261 0.000000 0.109375 -0.335938 1 15 1.000000
ffdtex2.png
  0 -2048.000000 -4045.591309 -1359.564087 -0.871576 -0.490261 0.000000 0.109375 -0.335938 1 15 1.000000
  0 -2494.000000 -3642.720459 -563.619385 0.000000 0.000000 1.000000 0.046875 -0.125000 1 15 1.000000
  0 -2114.000000 -4161.744141 -552.693298 0.000000 0.000000 0.000000 0.171875 -0.171875 1 15 1.000000
ffdtex2.png
  0 -2048.000000 -4045.591309 -1359.564087 -0.871576 -0.490261 0.000000 0.109375 -0.335938 1 15 1.000000
  0 -1861.000122 -3635.610840 -1982.600220 -0.704361 -0.088045 0.704361 0.007813 -0.468750 1 15 1.000000
  0 -2214.000000 -3648.024658 -1291.971558 0.000000 1.000000 0.000000 0.031250 -0.296875 1 15 1.000000
ffdtex2.png
  0 -1461.000122 -3716.212891 -2587.153076 0.000000 0.000000 0.000000 0.007813 -0.625000 1 15 1.000000
  0 -1861.000122 -3635.610840 -1982.600220 -0.704361 -0.088045 0.704361 0.007813 -0.468750 1 15 1.000000
  0 -1816.000122 -4109.845215 -1933.543579 -0.029251 0.997160 -0.069397 0.101563 -0.476563 1 15 1.000000
ffdtex2.png
  0 -1816.000122 -4109.845215 -1933.543579 -0.029251 0.997160 -0.069397 0.101563 -0.476563 1 15 1.000000
  0 -1861.000122 -3635.610840 -1982.600220 -0.704361 -0.088045 0.704361 0.007813 -0.468750 1 15 1.000000
  0 -2048.000000 -4045.591309 -1359.564087 -0.871576 -0.490261 0.000000 0.109375 -0.335938 1 15 1.000000
ffdtex2.png
  0 -1373.000122 -4195.783203 -2534.556641 -0.028533 0.993259 -0.112347 0.851563 -0.070313 1 15 1.000000
  0 -1816.000122 -4109.845215 -1933.543579 -0.029251 0.997160 -0.069397 0.804688 -0.125000 1 15 1.000000
  0 -0.000050 -4005.735596 -1203.053223 0.000026 0.401299 -0.915947 0.984375 -0.203125 1 4 1.000000
ffdtex2.png
  0 -1816.000122 -4109.845215 -1933.543579 -0.029251 0.997160 -0.069397 0.804688 -0.125000 1 15 1.000000
  0 -1954.000000 -4120.210449 -1192.259399 -0.035149 0.519463 -0.853770 0.796875 -0.195313 1 4 1.000000
  0 -0.000050 -4005.735596 -1203.053223 0.000026 0.401299 -0.915947 0.984375 -0.203125 1 4 1.000000
ffdtex2.png
  0 -1866.000122 -2685.204834 -1355.096191 0.063142 0.989223 0.132103 0.343750 -0.937500 1 14 1.000000
  0 -2155.000000 -2636.682129 -1251.715576 0.170645 0.985224 0.014611 0.375000 -0.937500 1 14 1.000000
  0 -2128.000000 -2656.425781 -235.733231 0.251278 0.967320 0.033944 0.421875 -0.820313 1 4 1.000000
ffdtex2.png
  0 -0.000061 -6664.393066 -1560.153320 -0.050537 -0.955428 -0.290866 0.554688 -0.992188 1 4 1.000000
  0 -1087.000000 -6397.047852 -1510.279297 -0.569481 -0.732231 -0.373536 0.562500 -0.875000 1 4 1.000000
  0 -0.000091 -6297.596191 -2227.104492 0.000152 -0.765541 -0.643388 0.468750 -0.968750 1 4 1.000000
ffdtex2.png
  0 -1087.000000 -6397.047852 -1510.279297 -0.569481 -0.732231 -0.373536 0.562500 -0.875000 1 4 1.000000
  0 -973.000061 -5963.073242 -1990.631226 -0.374683 -0.654480 -0.656711 0.492188 -0.867188 1 4 1.000000
  0 -0.000091 -6297.596191 -2227.104492 0.000152 -0.765541 -0.643388 0.468750 -0.968750 1 4 1.000000
ffdtex2.png
  0 -1495.000122 -5614.940918 -1987.815552 -0.569021 -0.623912 -0.535676 0.492188 -0.804688 1 4 1.000000
  0 -973.000061 -5963.073242 -1990.631226 -0.374683 -0.654480 -0.656711 0.492188 -0.867188 1 4 1.000000
  0 -1087.000000 -6397.047852 -1510.279297 -0.569481 -0.732231 -0.373536 0.562500 -0.875000 1 4 1.000000
ffdtex2.png
  0 0.000001 -6891.093750 -132.530258 0.036777 -0.989162 0.142144 0.726563 -0.968750 1 4 1.000000
  0 -942.999939 -6220.184082 1132.020996 -0.355612 -0.758430 0.546190 0.828125 -0.812500 1 4 1.000000
  0 -1087.000000 -6623.748535 -82.656143 -0.467915 -0.883146 0.033308 0.703125 -0.867188 1 4 1.000000
ffdtex2.png
  0 1351.890625 -627.972290 -2201.403076 -0.968406 0.224078 0.109451 0.359375 -0.445313 1 17 1.000000
  0 1831.999878 486.000092 -487.000031 -0.111535 0.986947 -0.116167 0.382813 -0.296875 1 5 1.000000
  0 2397.720215 -596.785828 -2311.629639 0.901975 0.331698 -0.276435 0.281250 -0.382813 1 17 1.000000
ffdtex2.png
  0 2372.000000 -185.999893 -289.000031 0.815873 0.366872 0.446941 0.312500 -0.257813 1 5 1.000000
  0 2397.720215 -596.785828 -2311.629639 0.901975 0.331698 -0.276435 0.281250 -0.382813 1 17 1.000000
  0 1831.999878 486.000092 -487.000031 -0.111535 0.986947 -0.116167 0.382813 -0.296875 1 5 1.000000
ffdtex2.png
  0 2397.720215 -596.785828 -2311.629639 0.901975 0.331698 -0.276435 0.500000 -0.523438 1 17 1.000000
  0 2372.000000 -185.999893 -289.000031 0.815873 0.366872 0.446941 0.617188 -0.382813 1 5 1.000000
  0 2335.000000 -857.999878 -606.000000 0.628321 -0.777450 -0.028000 0.546875 -0.359375 1 5 1.000000
ffdtex2.png
  0 1397.999878 -183.999939 -953.000000 -0.862957 -0.252781 -0.437501 0.437500 -0.328125 1 5 1.000000
  0 1831.999878 486.000092 -487.000031 -0.111535 0.986947 -0.116167 0.382813 -0.296875 1 5 1.000000
  0 1351.890625 -627.972290 -2201.403076 -0.968406 0.224078 0.109451 0.359375 -0.445313 1 17 1.000000
ffdtex2.png
  0 2335.000000 -857.999878 -606.000000 0.628321 -0.777450 -0.028000 0.546875 -0.359375 1 5 1.000000
  0 1397.999878 -183.999939 -953.000000 -0.862957 -0.252781 -0.437501 0.437500 -0.328125 1 5 1.000000
  0 1897.500366 -1312.858887 -2392.812012 -0.198895 -0.979785 0.021492 0.421875 -0.484375 1 17 1.000000
ffdtex2.png
  0 2150.771973 -743.700745 3305.351563 0.031691 -0.216844 0.975692 0.421875 -0.484375 1 19 1.000000
  0 819.999939 -659.999939 2885.000000 -0.116587 0.003764 0.993173 0.515625 -0.367188 1 5 1.000000
  0 1093.000000 -1051.000000 2490.000000 0.333224 -0.938135 0.094151 0.460938 -0.343750 1 5 1.000000
ffdtex2.png
  0 2150.771973 -743.700745 3305.351563 0.031691 -0.216844 0.975692 0.421875 -0.484375 1 19 1.000000
  0 1205.999878 -101.999947 2563.000000 0.090190 0.973878 0.208392 0.507813 -0.437500 1 5 1.000000
  0 819.999939 -659.999939 2885.000000 -0.116587 0.003764 0.993173 0.515625 -0.367188 1 5 1.000000
ffdtex2.png
  0 2315.622070 -448.589966 2589.388672 0.223395 0.425760 -0.876825 0.328125 -0.468750 1 19 1.000000
  0 2406.104004 -969.881897 2829.550537 0.395091 -0.833389 -0.386479 0.367188 -0.468750 1 19 1.000000
  0 1693.999878 -417.999939 2027.000000 0.493992 0.074999 -0.866226 0.335938 -0.375000 1 5 1.000000
ffdtex2.png
  0 1093.000000 -1051.000000 2490.000000 0.333224 -0.938135 0.094151 0.460938 -0.343750 1 5 1.000000
  0 1693.999878 -417.999939 2027.000000 0.493992 0.074999 -0.866226 0.335938 -0.375000 1 5 1.000000
  0 2406.104004 -969.881897 2829.550537 0.395091 -0.833389 -0.386479 0.367188 -0.468750 1 19 1.000000
ffdtex2.png
  0 2315.622070 -448.589966 2589.388672 0.223395 0.425760 -0.876825 0.328125 -0.468750 1 19 1.000000
  0 1693.999878 -417.999939 2027.000000 0.493992 0.074999 -0.866226 0.335938 -0.375000 1 5 1.000000
  0 1205.999878 -101.999947 2563.000000 0.090190 0.973878 0.208392 0.296875 -0.359375 1 5 1.000000
ffdtex2.png
  0 0.000064 -6305.382324 1326.016479 -0.046642 -0.698110 0.714470 0.890625 -0.867188 1 4 1.000000
  0 -942.999939 -6220.184082 1132.020996 -0.355612 -0.758430 0.546190 0.828125 -0.812500 1 4 1.000000
  0 0.000001 -6891.093750 -132.530258 0.036777 -0.989162 0.142144 0.726563 -0.968750 1 4 1.000000
ffdtex2.png
  0 -1635.000000 -6061.886230 583.475891 -0.746705 -0.546672 0.378922 0.750000 -0.773438 1 4 1.000000
  0 -1850.000000 -4480.301270 1140.067017 -0.711330 0.029608 0.702234 0.789063 -0.609375 1 4 1.000000
  0 -2267.000000 -5174.340820 68.795372 -0.780309 -0.482112 0.398353 0.671875 -0.679688 1 4 1.000000
ffdtex2.png
  0 -1635.000000 -6061.886230 583.475891 -0.746705 -0.546672 0.378922 0.750000 -0.773438 1 4 1.000000
  0 -1087.000000 -6623.748535 -82.656143 -0.467915 -0.883146 0.033308 0.703125 -0.867188 1 4 1.000000
  0 -942.999939 -6220.184082 1132.020996 -0.355612 -0.758430 0.546190 0.828125 -0.812500 1 4 1.000000
ffdtex2.png
  0 -1087.000000 -6623.748535 -82.656143 -0.467915 -0.883146 0.033308 0.703125 -0.867188 1 4 1.000000
  0 -2167.000000 -5365.999023 -351.543884 -0.783314 -0.615755 -0.085238 0.640625 -0.710938 1 4 1.000000
  0 -1087.000000 -6397.047852 -1510.279297 -0.569481 -0.732231 -0.373536 0.562500 -0.875000 1 4 1.000000
ffdtex2.png
  0 -1635.000000 -6061.886230 583.475891 -0.746705 -0.546672 0.378922 0.750000 -0.773438 1 4 1.000000
  0 -2267.000000 -5174.340820 68.795372 -0.780309 -0.482112 0.398353 0.671875 -0.679688 1 4 1.000000
  0 -2167.000000 -5365.999023 -351.543884 -0.783314 -0.615755 -0.085238 0.640625 -0.710938 1 4 1.000000
ffdtex2.png
  0 -1635.000000 -6061.886230 583.475891 -0.746705 -0.546672 0.378922 0.750000 -0.773438 1 4 1.000000
  0 -2167.000000 -5365.999023 -351.543884 -0.783314 -0.615755 -0.085238 0.640625 -0.710938 1 4 1.000000
  0 -1087.000000 -6623.748535 -82.656143 -0.467915 -0.883146 0.033308 0.703125 -0.867188 1 4 1.000000
ffdtex2.png
  0 -1066.999878 -4985.973145 1773.884033 -0.431665 -0.196478 0.880376 0.882813 -0.671875 1 4 1.000000
  0 -980.999939 -3645.441895 1621.121826 -0.421455 0.438997 0.793509 0.890625 -0.539063 1 4 1.000000
  0 -1850.000000 -4480.301270 1140.067017 -0.711330 0.029608 0.702234 0.789063 -0.609375 1 4 1.000000
ffdtex2.png
  0 -1635.000000 -6061.886230 583.475891 -0.746705 -0.546672 0.378922 0.750000 -0.773438 1 4 1.000000
  0 -942.999939 -6220.184082 1132.020996 -0.355612 -0.758430 0.546190 0.828125 -0.812500 1 4 1.000000
  0 -1066.999878 -4985.973145 1773.884033 -0.431665 -0.196478 0.880376 0.882813 -0.671875 1 4 1.000000
ffdtex2.png
  0 -1850.000000 -4480.301270 1140.067017 -0.711330 0.029608 0.702234 0.789063 -0.609375 1 4 1.000000
  0 -1635.000000 -6061.886230 583.475891 -0.746705 -0.546672 0.378922 0.750000 -0.773438 1 4 1.000000
  0 -1066.999878 -4985.973145 1773.884033 -0.431665 -0.196478 0.880376 0.882813 -0.671875 1 4 1.000000
ffdtex2.png
  0 1831.999878 486.000092 -487.000031 -0.111535 0.986947 -0.116167 0.382813 -0.296875 1 5 1.000000
  0 1397.999878 -183.999939 -953.000000 -0.862957 -0.252781 -0.437501 0.437500 -0.328125 1 5 1.000000
  0 1359.999878 209.000061 -101.000015 0.065196 0.892734 0.445842 0.414063 -0.226563 1 5 1.000000
ffdtex2.png
  0 1831.999878 486.000092 -487.000031 -0.111535 0.986947 -0.116167 0.382813 -0.296875 1 5 1.000000
  0 1359.999878 209.000061 -101.000015 0.065196 0.892734 0.445842 0.414063 -0.226563 1 5 1.000000
  0 2372.000000 -185.999893 -289.000031 0.815873 0.366872 0.446941 0.312500 -0.257813 1 5 1.000000
ffdtex2.png
  0 2335.000000 -857.999878 -606.000000 0.628321 -0.777450 -0.028000 0.546875 -0.359375 1 5 1.000000
  0 2185.000000 -1326.999878 244.999969 0.853195 -0.518978 -0.052148 0.593750 -0.289063 1 5 1.000000
  0 1397.999878 -183.999939 -953.000000 -0.862957 -0.252781 -0.437501 0.437500 -0.328125 1 5 1.000000
ffdtex2.png
  0 2335.000000 -857.999878 -606.000000 0.628321 -0.777450 -0.028000 0.546875 -0.359375 1 5 1.000000
  0 2372.000000 -185.999893 -289.000031 0.815873 0.366872 0.446941 0.617188 -0.382813 1 5 1.000000
  0 2185.000000 -1326.999878 244.999969 0.853195 -0.518978 -0.052148 0.593750 -0.289063 1 5 1.000000
ffdtex2.png
  0 2372.000000 -185.999893 -289.000031 0.815873 0.366872 0.446941 0.617188 -0.382813 1 5 1.000000
  0 1571.999878 -462.999939 431.999969 0.535589 0.483201 0.692576 0.687500 -0.304688 1 5 1.000000
  0 2185.000000 -1326.999878 244.999969 0.853195 -0.518978 -0.052148 0.593750 -0.289063 1 5 1.000000
ffdtex2.png
  0 2372.000000 -185.999893 -289.000031 0.815873 0.366872 0.446941 0.312500 -0.257813 1 5 1.000000
  0 1359.999878 209.000061 -101.000015 0.065196 0.892734 0.445842 0.414063 -0.226563 1 5 1.000000
  0 1571.999878 -462.999939 431.999969 0.535589 0.483201 0.692576 0.375000 -0.179688 1 5 1.000000
ffdtex2.png
  0 1816.999878 -4109.845215 -1933.543823 0.029266 0.997165 -0.069321 0.804688 -0.125000 1 15 1.000000
  0 -0.000050 -4005.735596 -1203.053223 0.000026 0.401299 -0.915947 0.984375 -0.203125 1 4 1.000000
  0 1953.000000 -4120.210449 -1192.259521 0.035170 0.519525 -0.853731 0.796875 -0.195313 1 4 1.000000
ffdtex2.png
  0 1373.999878 -4195.783203 -2534.556885 0.028524 0.993261 -0.112335 0.851563 -0.070313 1 15 1.000000
  0 -0.000050 -4005.735596 -1203.053223 0.000026 0.401299 -0.915947 0.984375 -0.203125 1 4 1.000000
  0 1816.999878 -4109.845215 -1933.543823 0.029266 0.997165 -0.069321 0.804688 -0.125000 1 15 1.000000
ffdtex2.png
  0 1816.999878 -4109.845215 -1933.543823 0.029266 0.997165 -0.069321 0.101563 -0.476563 1 15 1.000000
  0 2049.000000 -4045.591309 -1359.564331 -0.999688 -0.024992 0.000000 0.109375 -0.335938 1 15 1.000000
  0 1861.999878 -3635.610840 -1982.600342 -1.000000 0.000000 0.000000 0.007813 -0.468750 1 15 1.000000
ffdtex2.png
  0 1373.999878 -4195.783203 -2534.556885 0.028524 0.993261 -0.112335 0.109375 -0.640625 1 15 1.000000
  0 1816.999878 -4109.845215 -1933.543823 0.029266 0.997165 -0.069321 0.101563 -0.476563 1 15 1.000000
  0 1461.999878 -3716.212891 -2587.153320 -0.707107 0.000000 -0.707107 0.007813 -0.625000 1 15 1.000000
ffdtex2.png
  0 2049.000000 -4045.591309 -1359.564331 -0.999688 -0.024992 0.000000 0.109375 -0.335938 1 15 1.000000
  0 2215.000000 -3648.024658 -1291.971680 0.000000 0.000000 0.000000 0.031250 -0.296875 1 15 1.000000
  0 1861.999878 -3635.610840 -1982.600342 -1.000000 0.000000 0.000000 0.007813 -0.468750 1 15 1.000000
ffdtex2.png
  0 -2167.000000 -5365.999023 -351.543884 -0.783314 -0.615755 -0.085238 0.640625 -0.710938 1 4 1.000000
  0 -1916.000000 -5435.464355 -1046.571655 -0.786584 -0.589493 -0.183805 0.578125 -0.742188 1 4 1.000000
  0 -1087.000000 -6397.047852 -1510.279297 -0.569481 -0.732231 -0.373536 0.562500 -0.875000 1 4 1.000000
ffdtex2.png
  0 2049.000000 -4045.591309 -1359.564331 -0.999688 -0.024992 0.000000 0.109375 -0.335938 1 15 1.000000
  0 2115.000000 -4161.744141 -552.693481 0.000000 0.000000 0.000000 0.171875 -0.171875 1 15 1.000000
  0 2495.000000 -3642.720459 -563.619568 0.970143 0.000000 -0.242536 0.046875 -0.125000 1 15 1.000000
ffdtex2.png
  0 2215.000000 -3648.024658 -1291.971680 0.000000 0.000000 0.000000 0.031250 -0.296875 1 15 1.000000
  0 2049.000000 -4045.591309 -1359.564331 -0.999688 -0.024992 0.000000 0.109375 -0.335938 1 15 1.000000
  0 2495.000000 -3642.720459 -563.619568 0.970143 0.000000 -0.242536 0.046875 -0.125000 1 15 1.000000
ffdtex2.png
  0 -1916.000000 -5435.464355 -1046.571655 -0.786584 -0.589493 -0.183805 0.578125 -0.742188 1 4 1.000000
  0 -1722.000122 -5534.271973 -1705.655151 -0.746439 -0.609737 -0.266552 0.515625 -0.781250 1 4 1.000000
  0 -1087.000000 -6397.047852 -1510.279297 -0.569481 -0.732231 -0.373536 0.562500 -0.875000 1 4 1.000000
ffdtex2.png
  0 1205.999878 -101.999947 2563.000000 0.090190 0.973878 0.208392 0.507813 -0.437500 1 5 1.000000
  0 150.999908 209.000000 1679.000000 -0.007735 0.999850 -0.015484 0.617188 -0.437500 1 5 1.000000
  0 -110.000061 -376.000000 2577.000000 -0.549853 0.518221 0.655064 0.585938 -0.390625 1 5 1.000000
ffdtex2.png
  0 819.999939 -659.999939 2885.000000 -0.116587 0.003764 0.993173 0.515625 -0.367188 1 5 1.000000
  0 1205.999878 -101.999947 2563.000000 0.090190 0.973878 0.208392 0.507813 -0.437500 1 5 1.000000
  0 -110.000061 -376.000000 2577.000000 -0.549853 0.518221 0.655064 0.585938 -0.390625 1 5 1.000000
ffdtex2.png
  0 1693.999878 -417.999939 2027.000000 0.493992 0.074999 -0.866226 0.335938 -0.375000 1 5 1.000000
  0 937.999939 -259.999969 1842.000000 0.444715 0.740411 -0.504004 0.351563 -0.289063 1 5 1.000000
  0 1205.999878 -101.999947 2563.000000 0.090190 0.973878 0.208392 0.296875 -0.359375 1 5 1.000000
ffdtex2.png
  0 1205.999878 -101.999947 2563.000000 0.090190 0.973878 0.208392 0.296875 -0.359375 1 5 1.000000
  0 937.999939 -259.999969 1842.000000 0.444715 0.740411 -0.504004 0.351563 -0.289063 1 5 1.000000
  0 150.999908 209.000000 1679.000000 -0.007735 0.999850 -0.015484 0.289063 -0.273438 1 5 1.000000
ffdtex2.png
  0 1093.000000 -1051.000000 2490.000000 0.333224 -0.938135 0.094151 0.460938 -0.343750 1 5 1.000000
  0 819.999939 -659.999939 2885.000000 -0.116587 0.003764 0.993173 0.515625 -0.367188 1 5 1.000000
  0 -311.000000 -1618.000000 2743.000000 -0.401292 -0.439730 0.803494 0.585938 -0.273438 1 5 1.000000
ffdtex2.png
  0 819.999939 -659.999939 2885.000000 -0.116587 0.003764 0.993173 0.515625 -0.367188 1 5 1.000000
  0 -110.000061 -376.000000 2577.000000 -0.549853 0.518221 0.655064 0.585938 -0.390625 1 5 1.000000
  0 -311.000000 -1618.000000 2743.000000 -0.401292 -0.439730 0.803494 0.585938 -0.273438 1 5 1.000000
ffdtex2.png
  0 -1722.000122 -5534.271973 -1705.655151 -0.746439 -0.609737 -0.266552 0.515625 -0.781250 1 4 1.000000
  0 -1495.000122 -5614.940918 -1987.815552 -0.569021 -0.623912 -0.535676 0.492188 -0.804688 1 4 1.000000
  0 -1087.000000 -6397.047852 -1510.279297 -0.569481 -0.732231 -0.373536 0.562500 -0.875000 1 4 1.000000
ffdtex2.png
  0 -2447.000000 -1251.000122 -361.999969 -0.670173 -0.596689 -0.441397 0.585938 -0.203125 1 5 1.000000
  0 -1490.000122 -811.000061 609.000000 -0.077061 -0.877398 0.473535 0.500000 -0.164063 1 5 1.000000
  0 -2357.000000 -1035.000122 985.000000 0.153225 -0.943935 0.292421 0.484375 -0.273438 1 5 1.000000
ffdtex2.png
  0 -1490.000122 -811.000061 609.000000 -0.077061 -0.877398 0.473535 0.500000 -0.164063 1 5 1.000000
  0 -2447.000000 -1251.000122 -361.999969 -0.670173 -0.596689 -0.441397 0.585938 -0.203125 1 5 1.000000
  0 -1505.000000 -1527.000122 0.000018 -0.667734 -0.671445 0.321392 0.546875 -0.117188 1 5 1.000000
ffdtex2.png
  0 2215.000000 -3648.024658 -1291.971680 0.000000 0.000000 0.000000 0.031250 -0.296875 1 15 1.000000
  0 2495.000000 -3642.720459 -563.619568 0.970143 0.000000 -0.242536 0.046875 -0.125000 1 15 1.000000
  0 2049.000000 -4045.591309 -1359.564331 -0.999688 -0.024992 0.000000 0.109375 -0.335938 1 15 1.000000
ffdtex2.png
  0 2115.000000 -4161.744141 -552.693481 0.000000 0.000000 0.000000 0.171875 -0.171875 1 15 1.000000
  0 2049.000000 -4045.591309 -1359.564331 -0.999688 -0.024992 0.000000 0.109375 -0.335938 1 15 1.000000
  0 2495.000000 -3642.720459 -563.619568 0.970143 0.000000 -0.242536 0.046875 -0.125000 1 15 1.000000
ffdtex2.png
  0 2215.000000 -3648.024658 -1291.971680 0.000000 0.000000 0.000000 0.031250 -0.296875 1 15 1.000000
  0 2049.000000 -4045.591309 -1359.564331 -0.999688 -0.024992 0.000000 0.109375 -0.335938 1 15 1.000000
